3
0 0 2.5
1
0.72696 1.12763
28
1.5708 0.283794
5.41543 0.283794
1.5708 5.41543
0.283794 0.556599
1.5708 0.556599
5.41543 0.556599
0 0.283794
1.5708 0
5.41543 0
0 0.556599
3.4789 0.283794
1.5708 3.4789
3.4789 5.41543
3.4789 0.556599
3.4789 0
2.16078 0.283794
1.5708 2.16078
2.16078 5.41543
2.16078 0.556599
2.16078 0
2.16078 3.4789
5.34126 0.283794
1.5708 5.34126
5.34126 5.41543
5.34126 0.556599
5.34126 0
3.4789 5.34126
2.16078 5.34126
1.5 2 0.5
1
2.59826 5.53952
6
0.283794 1.5708
0.283794 1.33266
1.33266 1.5708
0.283794 0.371834
0.371834 1.5708
0.371834 1.33266
3.5 1 1
0
42
3.69819 5.41543
5.41543 3.69819
3.14159 5.41543
5.41543 3.14159
3.14159 3.69819
3.69819 3.14159
1.33266 5.41543
5.41543 1.33266
1.33266 3.69819
3.69819 1.33266
1.33266 3.14159
3.14159 1.33266
3.51343 5.41543
5.41543 3.51343
3.51343 3.69819
3.69819 3.51343
3.51343 3.14159
3.14159 3.51343
3.51343 1.33266
1.33266 3.51343
5.99939 5.41543
5.41543 5.99939
5.99939 3.69819
3.69819 5.99939
5.99939 3.14159
3.14159 5.99939
5.99939 1.33266
1.33266 5.99939
5.99939 3.51343
3.51343 5.99939
4.71239 5.41543
5.41543 4.71239
4.71239 3.69819
3.69819 4.71239
4.71239 3.14159
3.14159 4.71239
4.71239 1.33266
1.33266 4.71239
4.71239 3.51343
3.51343 4.71239
4.71239 5.99939
5.99939 4.71239
12
1.98 2.14 2.4 0.7
1.5 2.5 0 2.5
4.14654 0.237118 1.61634 -1.90721
2.65094 0.471698 2.12264 1.32075
2.5 1 2.5 0
3.73589 1.97178 1.61794 2.48589
2.56834 0.636675 1.96583 2.18166
-2.35912 -0.827369 -3 1
-1.39088 2.07737 -3 1
1.47059 -2.02172 4.25 0
4.46 0.72 4.25 0
3.5 0 4.25 0
21
0
1.98 2.14
4
13 0.0440201
11 0.524434
1 1.5
2 0.643501
1
1
2.4 0.7
8
18 3.06429
16 11.0155
3 12.4905
0 1.5
7 0.682013
5 2.87888
9 0.709485
15 7.7202
1
2
1.5 2.5
4
13 0.599481
11 0.119067
3 1.5
0 0.643501
6.95334e-310
3
0 2.5
8
16 1.47497
18 9.42617
1 12.4905
15 4.77026
2 1.5
9 11.781
5 9.61157
7 13.1725
6.95334e-310
4
4.14654 0.237118
7
20 0.703037
6 1.71723
5 3.31662
12 1.902
19 0.583965
8 2.27383
10 2.20042
0.989297
5
1.61634 -1.90721
8
16 8.13661
18 0.185406
1 2.87888
15 4.84132
4 3.31662
3 9.61157
7 3.5609
9 2.1694
0.989297
6
2.65094 0.471698
7
20 1.0142
4 1.71723
7 1
8 0.556599
10 2.36553
12 0.184765
19 2.3012
0
7
2.12264 1.32075
8
16 11.6975
18 3.7463
1 0.682013
15 8.40221
6 1
3 13.1725
5 3.5609
9 1.3915
0
8
2.5 1
7
20 1.5708
4 2.27383
9 1
6 0.556599
10 1.80893
12 0.371834
19 2.8578
6.95334e-310
9
2.5 0
8
16 10.306
18 2.3548
1 0.709485
8 1
15 7.01071
3 11.781
5 2.1694
7 1.3915
6.95334e-310
10
3.73589 1.97178
7
20 2.90346
4 2.20042
11 2.17945
6 2.36553
8 1.80893
12 2.18076
19 1.61646
0.97178
11
1.61794 2.48589
4
13 0.480414
2 0.119067
10 2.17945
0 0.524434
0.97178
12
2.56834 0.636675
7
20 1.19896
4 1.902
13 1.65831
6 0.184765
8 0.371834
10 2.18076
19 2.48596
0.963325
13
1.96583 2.18166
4
11 0.480414
2 0.599481
12 1.65831
0 0.0440201
0.963325
14
-3 1
2
16 1.93649
15 1.93649
4.94066e-324
15
-2.35912 -0.827369
8
16 3.29529
18 4.65591
1 7.7202
14 1.93649
7 8.40221
3 4.77026
5 4.84132
9 7.01071
0.830948
16
-1.39088 2.07737
8
15 3.29529
18 7.9512
1 11.0155
14 1.93649
7 11.6975
3 1.47497
5 8.13661
9 10.306
6.89923e-310
17
4.25 0
3
20 0.75
18 3.43693
19 0.75
0.988095
18
1.47059 -2.02172
8
16 7.9512
15 4.65591
1 3.06429
17 3.43693
3 9.42617
5 0.185406
7 3.7463
9 2.3548
-0.80869
19
4.46 0.72
7
20 1.287
4 0.583965
17 0.75
10 1.61646
6 2.3012
8 2.8578
12 2.48596
-1
20
3.5 0
7
19 1.287
4 0.703037
17 0.75
10 2.90346
6 1.0142
8 1.5708
12 1.19896
6.89923e-310
